   1.0000000e-01
   1.0000000e+00
   1.0000000e+00
   3.0000000e+00
   1.0000000e+02
   4.6079601e+01  -1.2534149e+00   2.0456415e+02   2.0116881e+01   2.4286666e+01  -4.1859142e+00
   4.7647097e+01   5.1526749e-01   2.0195965e+02   2.4743753e+01  -1.1178976e+00   3.2970536e+00
   4.7569700e+01   7.1964638e+00   2.0672186e+02   2.7833588e+01  -8.9432470e+00   1.4058234e+01
   5.1894570e+01   7.0896300e+00   2.0245256e+02   2.5163194e+01   1.2483422e+01  -4.7884285e+00
   5.5330848e+01   4.0241918e+00   2.0057042e+02   3.4906901e+01  -1.6867682e+00  -1.6303590e+01
   5.8482753e+01   2.6463118e+00   1.9956549e+02   2.7438208e+01  -5.0027208e+00   1.8533473e+01
   6.0187677e+01   3.8688189e+00   2.0430097e+02   1.6982910e+01  -1.4390379e+00   2.0784852e+01
   6.3701031e+01   6.3170060e+00   1.9907367e+02   2.4419714e+01   4.2024730e+00  -1.1837203e+01
   6.4440864e+01   4.7055805e+00   1.9898730e+02   3.5322091e+01   3.7736226e+00  -1.2804669e+00
   6.9918868e+01   1.3322128e+01   1.9865658e+02   3.0776863e+01  -4.4182388e+00  -3.5102146e+00
   7.0276541e+01   6.9001861e+00   2.0382833e+02   4.1336535e+01  -5.4325836e+00  -3.7214204e+00
   7.4056870e+01  -1.7352277e+00   2.0350427e+02   2.3634589e+01   7.1985973e+00  -8.0367917e+00
   7.4026141e+01   6.4014289e+00   2.0034463e+02   2.9384384e+01   1.0502645e+01  -1.0168722e+01
   7.9918219e+01   4.5209014e+00   1.9982183e+02   1.9285235e+01   4.2293773e+00   5.2777547e+00
   7.9849498e+01   8.7769041e+00   2.0235631e+02   2.2939092e+01   9.7506346e+00   9.3152750e+00
   8.8336738e+01   8.0599839e+00   1.9910116e+02   3.2111890e+01   3.9190063e+00  -5.5456423e+00
   8.6629994e+01   1.2622806e+01   2.0300778e+02   2.4873690e+01  -8.0036680e+00   9.6641798e+00
   9.2530481e+01   9.2119876e+00   2.0280483e+02   1.5039469e+01  -1.3445023e+01  -1.0969800e+01
   9.1573337e+01   1.7078718e+01   2.0320057e+02   3.7664951e+01   1.9098025e+01  -1.9840340e+01
   9.3004032e+01   1.2641287e+01   2.0024781e+02   2.2385467e+01   8.7232267e+00   1.4021502e+01
   9.8391329e+01   1.4891770e+01   2.0185941e+02   4.4360636e+01   7.1738875e+00   8.1484951e-01
   9.5784111e+01   1.5913491e+01   1.9604040e+02   3.6372233e+01   2.1235857e+01  -6.2671707e+00
   1.1223867e+02   1.7097193e+01   1.9917252e+02   4.4922544e+01   8.4561268e+00   2.5765157e+01
   1.1239428e+02   1.6164795e+01   2.0370013e+02   3.9614078e+01   1.0833027e+01   1.2334626e+01
   1.0980253e+02   2.2081163e+01   2.0081284e+02   2.3454962e+01  -1.8408287e+00   2.9205172e+00
   1.1087787e+02   1.7136619e+01   2.0232707e+02   2.1729018e+01  -7.1679102e-01  -6.4565726e-01
   1.1319425e+02   2.4893569e+01   1.9966448e+02   1.4257269e+01   1.2377739e+01   1.3303121e+01
   1.1940184e+02   1.4380846e+01   2.0762046e+02   4.0808379e+01   2.1526376e+01  -3.3502729e+00
   1.2068999e+02   2.1812784e+01   2.0206033e+02   2.2630392e+01   3.3600477e+00   4.5005023e+00
   1.2365506e+02   2.3797292e+01   2.0364206e+02   2.4516968e+01   1.1668472e+01   1.8647316e+01
   1.2603711e+02   1.9726911e+01   2.0295894e+02   3.6837716e+01   2.0760174e+01   4.8415325e-01
   1.3290371e+02   1.9791463e+01   2.0417197e+02   1.9398895e+01   1.3049523e+01   3.4756233e+00
   1.4279483e+02   2.4778443e+01   2.0276620e+02   3.1900368e+01   8.8455863e+00   4.3199507e-02
   1.3568544e+02   2.5785705e+01   1.9965646e+02   1.3463706e+01   1.6765531e+01   7.7558265e+00
   1.4426876e+02   2.4491563e+01   2.0248120e+02   2.2077662e+01   5.1307321e+00  -1.6796344e+00
   1.4065534e+02   2.5981700e+01   2.0291438e+02   3.3273213e+01   2.1106535e+01   2.9181417e+00
   1.4043049e+02   2.7550636e+01   2.0474339e+02   2.4589966e+01   9.9272266e+00   3.9696191e+00
   1.4631076e+02   3.1150410e+01   1.9901664e+02   2.2746269e+01   3.0958948e+00  -1.1922923e+01
   1.5271955e+02   3.1174051e+01   2.0263731e+02   1.8724621e+01   1.2792658e+00   2.8847203e-01
   1.5369802e+02   3.3363988e+01   2.0754662e+02   3.0393211e+01   7.6764332e+00  -2.6915385e+00
   1.6600616e+02   3.3655320e+01   1.9607253e+02   2.8530039e+01   1.7960660e+01  -1.4976309e+01
   1.6059588e+02   3.6256765e+01   2.0558174e+02   2.0141716e+01   1.4264808e+01  -2.1708104e+00
   1.6145638e+02   3.8705923e+01   1.9884672e+02   2.8269445e+01   4.4177987e-01  -3.8355178e+00
   1.6542279e+02   3.4373362e+01   2.0277993e+02   2.5138772e+01   1.8265186e+01  -1.5290063e+01
   1.7023576e+02   4.2317060e+01   2.0109640e+02   2.4899002e+01   1.0831182e+01   1.0971342e+01
   1.6841246e+02   3.3930802e+01   2.0420263e+02   4.4718910e+01   6.7260437e+00   3.6052976e+00
   1.7383002e+02   3.9739410e+01   2.0497436e+02   1.9609322e+01   1.3391943e+01   1.8203743e+01
   1.7803937e+02   3.9452639e+01   2.0233204e+02   1.6337768e+01   2.6073810e+01   2.6038072e+00
   1.8452585e+02   3.7720080e+01   1.9875825e+02   2.1966363e+01   3.0871421e+01   2.1890785e+00
   1.8661345e+02   4.1777824e+01   1.9746812e+02   2.7157721e+01  -3.7927451e+00   2.0498430e+00
   1.8760198e+02   4.2797500e+01   2.0270466e+02   1.4486192e+01  -4.6232327e+00   1.3234511e+00
   1.8876660e+02   4.6505026e+01   2.0482420e+02   2.1921777e+01  -8.4911600e+00   5.6548828e-01
   1.9553596e+02   4.6282070e+01   2.0542602e+02   2.9459522e+01  -3.6735894e+00   2.3298990e+00
   1.9859116e+02   4.5218153e+01   1.9875524e+02   4.8511976e+01   2.3726923e+01  -8.7856776e+00
   1.9976397e+02   4.9436074e+01   1.9701752e+02   2.5616734e+01   1.8085240e+01   1.5559119e+01
   2.0612080e+02   4.9175023e+01   2.0036885e+02   3.5795106e+01   1.9182326e+01   1.3045294e+01
   2.0564954e+02   5.1374253e+01   2.0363412e+02   4.2553111e+01   6.2500578e+00  -2.5811062e+01
   2.0443037e+02   5.3032008e+01   2.0046814e+02   2.7260598e+01   1.1581241e+01   2.4908476e+01
   2.0704476e+02   4.9867287e+01   2.0141732e+02   4.2030722e+01   1.6164676e+01   1.2532423e+01
   2.1035085e+02   5.7744314e+01   2.0349914e+02   3.1792140e+01   1.7391085e+01   1.5198717e+01
   2.1506436e+02   6.0125996e+01   2.0225181e+02   3.2442028e+01   1.6748807e+01   8.7937781e+00
   2.2373246e+02   5.2783917e+01   2.0541354e+02   4.2081397e+01   1.0212913e+01  -5.9309983e+00
   2.2277130e+02   5.4806846e+01   2.0472117e+02   1.4249341e+01   9.8548835e+00   1.1943264e+01
   2.2511362e+02   5.3045491e+01   2.0566703e+02   4.7785051e+01   1.7986674e+01   2.6384535e+00
   2.2719252e+02   6.0407793e+01   2.0701429e+02   3.9694502e+01   9.4352696e+00   3.7151986e+00
   2.3274888e+02   5.3997800e+01   2.0180440e+02   3.0303225e+01   1.0323545e+01  -1.0410818e+01
   2.3983209e+02   6.3070754e+01   2.0783012e+02   3.0841596e+01   1.0270191e+01   1.4967884e+01
   2.4414986e+02   6.1184720e+01   2.0148504e+02   3.7762344e+01   4.9306929e+00   3.7248087e+00
   2.4396810e+02   6.8055272e+01   1.9865870e+02   2.7861419e+01   1.0643114e+01  -1.2975964e+01
   2.4940778e+02   5.8927539e+01   2.0166355e+02   1.2700478e+01   1.4760644e+01   1.0255929e+01
   2.5154286e+02   7.0638755e+01   1.9855459e+02   1.3370548e+01   4.2239220e+00   1.3371730e+01
   2.5208372e+02   6.3042707e+01   2.1212264e+02   2.8974237e+01   1.5970695e+01  -1.5046370e+01
   2.5761693e+02   6.5508448e+01   2.0506664e+02   3.5906473e+01   1.6729419e+01   3.8381965e+00
   2.5200187e+02   6.9351248e+01   2.0450100e+02   3.6714959e+01   8.0382517e+00  -1.1481040e+00
   2.6087905e+02   6.7879733e+01   2.0268948e+02   3.9720555e+01  -9.1533637e-01  -1.0429629e+00
   2.6497980e+02   7.0207775e+01   1.9888170e+02   3.7408809e+01   1.2764563e+01   1.0039826e+01
   2.6526318e+02   7.5695369e+01   2.0470787e+02   1.0997467e+01   1.5934719e+01  -4.1443729e+00
   2.6876949e+02   7.0577042e+01   2.0329907e+02   2.6635744e+01   1.7643556e+01  -3.5962852e+00
   2.7496558e+02   7.6540338e+01   2.0587666e+02   1.8167211e+01   2.9515072e+01  -1.3488965e+01
   2.7928359e+02   7.6654824e+01   2.1050051e+02   2.4350940e+01   2.2605115e+01  -1.9846937e+01
   2.8491232e+02   7.8235485e+01   2.0322395e+02   1.9651692e+01   2.4058124e+01   2.1693316e+01
   2.8570170e+02   8.4387825e+01   2.0870643e+02   4.4446533e+01   1.6130448e+00   1.9465176e+00
   2.8522902e+02   7.6391364e+01   2.0397375e+02   2.2670222e+01   1.2026224e+01  -1.4241103e+01
   2.9028200e+02   8.2384391e+01   2.0674956e+02   3.0153936e+01   1.5965600e+01   3.2941339e+00
   2.9230741e+02   8.0463982e+01   2.0513619e+02   2.8396103e+01   1.2328152e+01   9.6029042e+00
   3.0039115e+02   7.7444662e+01   2.1200883e+02   3.8314739e+01   2.0787907e+01  -1.0758166e+01
   2.9866029e+02   8.6217528e+01   2.0392605e+02   2.5250679e+01   1.6255744e+01  -5.0369087e+00
   3.0672900e+02   8.9994923e+01   2.0482782e+02   2.8330381e+01  -3.5407783e+00   1.1363318e-01
   3.1020831e+02   8.6110793e+01   2.0709554e+02   1.3490898e+01   1.1790315e+01  -9.4321178e+00
   3.0929892e+02   8.3816846e+01   2.0355933e+02   3.0239748e+01  -9.5471251e+00   1.7519551e+01
   3.0895152e+02   9.1354571e+01   2.1219262e+02   2.7236491e+01   2.2549596e+01   1.4007255e+01
   3.1456763e+02   9.2522939e+01   2.0167855e+02   3.6713757e+01  -4.6773205e+00  -3.6096532e-01
   3.2278887e+02   9.0258194e+01   2.0789844e+02   3.6988336e+01   5.8422491e+00  -1.4211372e+01
   3.2055976e+02   8.7446755e+01   2.0654650e+02   2.7806901e+01   2.3868603e+01  -8.6817019e+00
   3.3287992e+02   1.0156521e+02   2.0786604e+02   3.7683683e+01   1.1824404e+01   9.0845195e+00
   3.3200437e+02   8.9653672e+01   2.0154717e+02   2.7184655e+01   4.1986425e+00  -5.3251647e-01
   3.3064476e+02   8.9220738e+01   2.0618049e+02   6.0734377e+01   5.4720450e+00   6.8771185e+00
   3.3510776e+02   9.8179430e+01   2.0614107e+02   3.8790909e+01   2.5859899e+01   3.2418336e+00
   3.3853262e+02   1.0014006e+02   2.0617076e+02   3.5105386e+01   1.3838360e+01   1.9656379e+01
   3.4564067e+02   1.0329957e+02   2.0753080e+02   1.6648670e+01   6.1924573e+00   1.7101370e+01
   4.4000000e+01   4.6945145e+01   4.9252013e+01   5.2159089e+01   5.4407955e+01   5.6943228e+01   5.9830733e+01   6.2972113e+01   6.5884013e+01   6.8455281e+01   7.0734103e+01   7.3342141e+01   7.6046208e+01   7.8932154e+01   8.1443932e+01   8.4021970e+01   8.6825133e+01   8.9787053e+01   9.2785999e+01   9.5697554e+01   9.9030478e+01   1.0131017e+02   1.0407673e+02   1.0730209e+02   1.0999452e+02   1.1275357e+02   1.1527084e+02   1.1837557e+02   1.2071665e+02   1.2341180e+02   1.2670596e+02   1.2983894e+02   1.3293546e+02   1.3596969e+02   1.3892431e+02   1.4217565e+02   1.4540034e+02   1.4860094e+02   1.5157473e+02   1.5448157e+02   1.5691935e+02   1.5968129e+02   1.6278613e+02   1.6572682e+02   1.6870448e+02   1.7180425e+02   1.7501686e+02   1.7800459e+02   1.8116674e+02   1.8462817e+02   1.8790415e+02   1.9105599e+02   1.9379936e+02   1.9670193e+02   1.9988178e+02   2.0302599e+02   2.0610805e+02   2.0883976e+02   2.1187880e+02   2.1444893e+02   2.1736732e+02   2.2015039e+02   2.2332706e+02   2.2644774e+02   2.2987320e+02   2.3328050e+02   2.3624160e+02   2.3941535e+02   2.4259746e+02   2.4557559e+02   2.4871658e+02   2.5176407e+02   2.5469017e+02   2.5863362e+02   2.6210612e+02   2.6493028e+02   2.6825313e+02   2.7138949e+02   2.7455846e+02   2.7810467e+02   2.8121894e+02   2.8473282e+02   2.8732640e+02   2.9077573e+02   2.9381217e+02   2.9735198e+02   3.0056162e+02   3.0427676e+02   3.0738677e+02   3.0975123e+02   3.1250046e+02   3.1571820e+02   3.1935913e+02   3.2250475e+02   3.2587955e+02   3.2929378e+02   3.3256017e+02   3.3563384e+02   3.3846442e+02   3.4211908e+02
   2.0000000e+00   2.2206008e+00   3.3430550e+00   3.2058799e+00   3.9285200e+00   4.4531847e+00   5.4805126e+00   6.3811735e+00   7.4875688e+00   8.3529587e+00   8.4238421e+00   9.2669497e+00   1.0101811e+01   1.0533219e+01   1.0886278e+01   1.1338683e+01   1.1971702e+01   1.2691856e+01   1.3282088e+01   1.4451229e+01   1.5482539e+01   1.6140078e+01   1.6783694e+01   1.7018112e+01   1.7893816e+01   1.7991838e+01   1.9035874e+01   2.0304777e+01   2.0885169e+01   2.1912114e+01   2.2578028e+01   2.2960165e+01   2.3721034e+01   2.4816208e+01   2.5690686e+01   2.6744079e+01   2.7458594e+01   2.7870895e+01   2.8533928e+01   3.0106559e+01   3.1341689e+01   3.2372126e+01   3.3235556e+01   3.4713558e+01   3.5803119e+01   3.6446934e+01   3.7767320e+01   3.9074078e+01   3.9849938e+01   4.1312321e+01   4.2511973e+01   4.3096915e+01   4.4503230e+01   4.5592459e+01   4.6410886e+01   4.8066787e+01   4.8881248e+01   5.0039875e+01   5.1104207e+01   5.2556645e+01   5.3977892e+01   5.5605707e+01   5.6844847e+01   5.8336540e+01   5.9167357e+01   6.0233448e+01   6.1789680e+01   6.2610956e+01   6.3937866e+01   6.4965891e+01   6.5648902e+01   6.6689842e+01   6.8079681e+01   6.8920124e+01   7.0152141e+01   7.1858205e+01   7.3152575e+01   7.4355584e+01   7.5943650e+01   7.6665690e+01   7.8406759e+01   7.9441604e+01   8.0525183e+01   8.1556467e+01   8.2404521e+01   8.3298239e+01   8.4454630e+01   8.5596803e+01   8.6714956e+01   8.7193846e+01   8.8608893e+01   8.9656823e+01   9.1138177e+01   9.1776418e+01   9.3114369e+01   9.4137201e+01   9.4934867e+01   9.6484690e+01   9.7752882e+01   9.9260924e+01
   2.0000000e+02   1.9998630e+02   2.0002616e+02   2.0023558e+02   1.9987922e+02   2.0055438e+02   2.0097841e+02   2.0128366e+02   2.0149840e+02   2.0154495e+02   2.0236673e+02   2.0208116e+02   2.0223925e+02   2.0235956e+02   2.0229440e+02   2.0228635e+02   2.0253367e+02   2.0230724e+02   2.0228092e+02   2.0220414e+02   2.0162515e+02   2.0124948e+02   2.0194671e+02   2.0167460e+02   2.0216933e+02   2.0209088e+02   2.0215535e+02   2.0231181e+02   2.0199598e+02   2.0213501e+02   2.0254548e+02   2.0201470e+02   2.0273586e+02   2.0214681e+02   2.0211443e+02   2.0186020e+02   2.0224884e+02   2.0242296e+02   2.0212778e+02   2.0167714e+02   2.0191512e+02   2.0208074e+02   2.0166058e+02   2.0160926e+02   2.0145913e+02   2.0172868e+02   2.0212665e+02   2.0249636e+02   2.0266440e+02   2.0239118e+02   2.0224549e+02   2.0287227e+02   2.0254422e+02   2.0262772e+02   2.0319255e+02   2.0288636e+02   2.0295409e+02   2.0321378e+02   2.0340740e+02   2.0418508e+02   2.0441954e+02   2.0451651e+02   2.0451862e+02   2.0480458e+02   2.0470893e+02   2.0473465e+02   2.0511788e+02   2.0487908e+02   2.0458449e+02   2.0464888e+02   2.0411428e+02   2.0401142e+02   2.0403025e+02   2.0433978e+02   2.0435581e+02   2.0458024e+02   2.0488527e+02   2.0492806e+02   2.0466838e+02   2.0497474e+02   2.0454147e+02   2.0449189e+02   2.0523483e+02   2.0608909e+02   2.0618305e+02   2.0612184e+02   2.0638367e+02   2.0643273e+02   2.0653432e+02   2.0682915e+02   2.0682890e+02   2.0683384e+02   2.0668106e+02   2.0651722e+02   2.0637658e+02   2.0606636e+02   2.0700076e+02   2.0752225e+02   2.0770292e+02   2.0822926e+02
   2.5000000e+01   2.4927499e+01   2.5064640e+01   2.4897039e+01   2.4954617e+01   2.5440576e+01   2.5435234e+01   2.5436314e+01   2.6320466e+01   2.6416326e+01   2.6451118e+01   2.6009999e+01   2.6711594e+01   2.7123981e+01   2.7529286e+01   2.7879621e+01   2.7482658e+01   2.7444319e+01   2.7631881e+01   2.7840654e+01   2.7606181e+01   2.8346241e+01   2.8853787e+01   2.8665700e+01   2.8335220e+01   2.8505476e+01   2.8765874e+01   2.8900847e+01   2.9282481e+01   2.9585339e+01   2.9715234e+01   2.9852366e+01   2.9175184e+01   2.9003036e+01   2.9050584e+01   2.9309969e+01   2.9037722e+01   2.9223600e+01   2.9293362e+01   2.9959483e+01   3.0260335e+01   3.0400799e+01   3.0120985e+01   3.0442951e+01   3.0057353e+01   3.0110268e+01   3.0313164e+01   3.1055204e+01   3.0517434e+01   3.0210199e+01   3.0620798e+01   3.0741709e+01   3.1152045e+01   3.0814378e+01   3.0690345e+01   3.0703735e+01   3.0426636e+01   3.0674625e+01   3.0466493e+01   3.0144330e+01   3.1044958e+01   3.0589719e+01   3.0567397e+01   3.0987141e+01   3.1025794e+01   3.0826232e+01   3.1380498e+01   3.1313663e+01   3.1140212e+01   3.1361664e+01   3.1238705e+01   3.1431770e+01   3.2050393e+01   3.1907057e+01   3.1654815e+01   3.1664045e+01   3.2144215e+01   3.2237681e+01   3.1995574e+01   3.1839353e+01   3.1545768e+01   3.1458062e+01   3.1569951e+01   3.2164055e+01   3.2516247e+01   3.2209354e+01   3.2374608e+01   3.2519096e+01   3.2131588e+01   3.2230674e+01   3.2023925e+01   3.1587696e+01   3.1660805e+01   3.1564379e+01   3.2240093e+01   3.2550662e+01   3.3059265e+01   3.2579683e+01   3.2746084e+01   3.3185287e+01
   5.0000000e+00   4.9138038e+00   4.8007572e+00   5.1758585e+00   5.5116855e+00   5.8063594e+00   6.3036395e+00   6.1220229e+00   6.5029309e+00   6.2353215e+00   6.1097064e+00   6.1660615e+00   6.2667597e+00   6.7186546e+00   7.0022678e+00   6.9610109e+00   7.1268374e+00   7.3136608e+00   7.7558583e+00   7.3975465e+00   7.2879996e+00   7.3548872e+00   6.9945892e+00   7.0579491e+00   7.1269540e+00   7.3595048e+00   7.4636427e+00   7.5926788e+00   8.0442835e+00   8.1780129e+00   8.4854600e+00   8.4160909e+00   8.2543794e+00   8.8504974e+00   8.6227864e+00   7.9976077e+00   8.1642703e+00   8.4576582e+00   9.0193087e+00   8.8861591e+00   9.1748111e+00   9.6197227e+00   8.9360781e+00   8.7297999e+00   8.7544723e+00   9.3029185e+00   9.5726118e+00   9.7925225e+00   9.8132286e+00   9.6231204e+00   9.8090717e+00   1.0036150e+01   9.8996878e+00   1.0314556e+01   1.0752584e+01   1.1136353e+01   1.1128263e+01   1.1281495e+01   1.2177123e+01   1.2560404e+01   1.2860034e+01   1.2510786e+01   1.2578677e+01   1.2430646e+01   1.2739600e+01   1.2225877e+01   1.1617484e+01   1.1784813e+01   1.1559410e+01   1.1658295e+01   1.1619966e+01   1.1191070e+01   1.0977133e+01   1.1014331e+01   1.0939584e+01   1.1034748e+01   1.0833492e+01   1.1306730e+01   1.1198558e+01   1.1087623e+01   1.1535457e+01   1.1063931e+01   1.1162423e+01   1.1131295e+01   1.1005310e+01   1.1226000e+01   1.1744882e+01   1.1429640e+01   1.1365357e+01   1.1256028e+01   1.1047923e+01   1.1376115e+01   1.0975839e+01   1.1358621e+01   1.1408842e+01   1.1111879e+01   1.1598217e+01   1.1771147e+01   1.2228711e+01   1.2265650e+01
   1.0000000e-01  -2.4191396e-01   2.4121091e-02  -5.4936584e-01  -1.1216828e-01   7.5364630e-03   7.2478426e-02  -1.3428991e-01   1.1445718e-02   1.8122993e-01   1.7958867e-01   2.3897620e-01   5.6718924e-01  -1.1900040e-01   2.3718784e-01  -5.1282406e-01  -8.2209427e-01  -8.0574595e-01  -5.9421265e-01  -5.5029060e-01   1.1523959e-01   1.7812783e-01   5.8272154e-01   3.0592401e-01  -2.7136168e-01  -2.3115387e-01  -4.8589160e-02  -1.1673937e-01  -3.8426107e-01  -3.6638283e-01  -3.7231874e-01  -8.2430053e-01  -7.6671144e-01  -2.9938507e-01  -4.6331138e-01  -4.8184461e-01   2.4914684e-01  -5.2252925e-02   1.5308598e-01   3.3006339e-01   3.4755040e-01   7.7923297e-01   1.0031083e+00   8.5561649e-01   1.1710264e+00   1.1273269e+00   9.1847098e-01   1.0299115e+00   1.3748519e+00   1.3540412e+00   1.0750808e+00   7.7927433e-01   7.7727982e-01   5.6527472e-01   5.3202044e-01   8.1772372e-01   6.5169188e-01   1.2107365e+00   1.2922914e+00   1.0982987e+00   1.4972801e+00   1.5791960e+00   1.2895327e+00   1.0267557e+00   6.2359601e-01   9.1794335e-01   1.0911062e+00   8.7600561e-01   5.8980542e-01   4.5352754e-01   7.2715199e-01   1.1747133e+00   1.3893637e+00   1.4467895e+00   1.1235659e+00   1.6247078e+00   2.1589792e+00   2.1242468e+00   2.5747815e+00   2.6176051e+00   2.1958088e+00   2.1928408e+00   2.2772868e+00   1.9918885e+00   1.4725746e+00   1.5833210e+00   1.8256963e+00   1.8706200e+00   2.0620226e+00   1.8299058e+00   1.4062833e+00   1.7633004e+00   1.5001713e+00   1.3792981e+00   1.6986178e+00   1.9001749e+00   2.0949118e+00   1.6796932e+00   2.2771501e+00   2.2525582e+00
